created_at: 2026-07-01T00:26:02.708776812Z
updated_at: 2026-07-01T00:26:02.708776812Z
tags: []
importance: 50
